chrom	start	end	number_DEL	number_DUP	number_h2hINV	number_t2tINV	number_TRA	clusterSize_including_TRA	number_SVs_sample	number_CNV_segments	pval_fragment_joins	chr_breakpoint_enrichment	pval_exp_chr	pval_exp_cluster	max_number_oscillating_CN_segments_2_states	max_number_oscillating_CN_segments_3_states	number_CN_segments_chr	max_number_oscillating_CN_segments_2_states_chr	max_number_oscillating_CN_segments_3_states_chr	inter_number_DEL	inter_number_h2hINV	inter_number_t2tINV	inter_number_DUP	inter_pval_fragment_joins	inter_other_chroms	inter_other_chroms_coords_all
1	196792149	196923794	1	2	0	0	0	3	2521	1	0.299780588595712	0.00147870070037166	0	0	NA	NA	740	15	742	0	0	0	0	NA		 
2	161074741	161075238	1	1	0	0	0	2	2521	1	0.572406704470879	5.13794188262468e-14	2.22044604925031e-16	1.22884247066857e-05	NA	NA	972	19	843	0	0	0	0	NA		 
3	98140381	146677378	3	3	0	0	11	17	2521	151	0.662060320252578	0.0255983805589011	1.22124532708767e-15	4.44089209850063e-16	13	151	645	31	420	0	0	0	0	NA		 
4	164592486	188157932	3	3	0	0	6	12	2521	155	0.343030146138244	0.0950054795758844	5.55111512312578e-16	5.55111512312578e-16	9	60	870	19	751	0	0	0	0	NA		 
5	84701380	126163558	2	2	0	0	5	9	2521	123	0.273714781583588	7.01864029388073e-07	NA	2.22044604925031e-16	20	123	623	51	625	0	0	0	0	NA		 
6	38158428	150949334	1	2	0	0	22	25	2521	281	0.859008591258717	2.19422418319492e-28	3.33066907387547e-16	1.22124532708767e-15	14	281	518	14	395	107	0	0	128	1.77062084072845e-51	11_17_2_3_8_X	11:55597040-55690285;17:83186373-83186438
2:161074741-161075238;3:98140381-146677378
8:111708340-134671339;X:118909017-141794027

7	31547157	65823705	2	1	0	0	6	9	2521	138	0.747679587287714	1.88686635352065e-08	1.77635683940025e-15	2.22044604925031e-16	9	138	514	9	516	50	0	0	68	1.36580801025189e-26	8_X	8:111708340-134671339;X:118909017-141794027

8	111708340	134671339	2	2	0	0	1	5	2521	97	0.144743579414856	0.0469964948694536	NA	2.22044604925031e-16	56	97	519	117	438	0	0	0	0	NA		 
9	8926664	62469912	4	1	0	0	9	14	2521	137	0.294014793583916	7.28815307756316e-13	3.88578058618805e-14	0	18	77	407	18	294	21	0	0	21	4.01212665823168e-09	15_3	15:24096258-24572008;3:98140381-146677378

10	46106145	47382209	1	2	0	0	0	3	2521	5	0.299780588595712	6.59051569405905e-07	2.22044604925031e-16	0	3	5	494	12	496	0	0	0	0	NA		 
11	55597040	55690285	0	0	0	0	0	0	2521	1	NA	0.000633108396194887	0	0	NA	NA	356	49	192	0	0	0	0	NA		 
12	9322830	9577001	0	0	0	0	0	0	2521	1	NA	0.00466734815870018	0	NA	NA	NA	359	41	361	0	0	0	0	NA		 
13	21303401	24328083	1	1	0	0	3	5	2521	18	0.896432373341912	0.000653843394260531	0	4.44089209850063e-16	6	18	326	17	328	0	0	0	0	NA		 
14	21310026	104952199	33	5	0	0	20	58	2521	408	3.31373123117495e-12	6.26429676154213e-30	0	0	11	408	410	11	412	40	0	0	46	1.04652635710937e-18	17_7	17:83186373-83186438;7:31547157-65823705

15	24096258	24572008	6	9	0	0	0	15	2521	1	0.00103178680983024	1	6.70135385028026e-06	1.22124532708767e-15	NA	NA	263	24	265	0	0	0	0	NA		 
16	17735519	69825118	2	3	0	0	4	9	2521	114	0.273714781583588	7.32180644287324e-07	NA	0	14	114	294	14	296	15	0	0	12	4.26679088286158e-06	3	3:98140381-146677378;
17	83186373	83186438	0	1	0	0	0	1	2521	1	0.391625176271089	0.000295966654339356	0	NA	NA	NA	202	20	204	0	0	0	0	NA		 
18	11509264	11511479	1	0	0	0	0	1	2521	1	0.391625176271089	0.00999547630122096	2.06501482580279e-14	0	NA	NA	311	22	248	0	0	0	0	NA		 
19	605296	43286419	3	3	0	0	11	17	2521	136	0.0145627017875048	1.15190432078352e-19	3.5527136788005e-15	7.88258347483861e-15	11	136	200	11	202	43	0	0	49	5.53086698131523e-20	2_21_4	2:161074741-161075238;21:44306059-44306114
4:164592486-188157932;
20	49122170	52291087	0	0	0	0	0	0	2521	10	NA	0.155987496120713	0	NA	4	10	291	23	293	0	0	0	0	NA		 
21	44306059	44306114	0	1	0	0	0	1	2521	1	0.391625176271089	0.0546229986246309	1.75937042712349e-12	NA	NA	NA	138	9	140	0	0	0	0	NA		 
22	10639721	50757794	29	3	0	0	9	41	2521	93	2.27953598575791e-12	8.84577715744794e-17	3.26693171626147e-07	0	46	48	91	46	48	40	0	0	46	1.04652635710937e-18	20_7	20:49122170-52291087;7:31547157-65823705

X	118909017	141794027	1	0	0	0	1	2	2521	1	0.111610225094713	0.000326050946287846	3.33066907387547e-16	4.44089209850063e-16	NA	NA	NA	NA	NA	0	0	0	0	NA		 
